130 761 944 714 546 
750 513 338 746 639 
912 682 104 493 765 
580 808 311 401 971 
404 497 998 353 97 
403 117 862 11 801 
64 403 935 620 878 
958 638 309 209 188 
164 481 177 27 552 
549 281 805 347 957 
322 709 31 616 128 
226 587 433 637 946 
86 202 547 116 90 
336 433 313 746 260 
550 244 59 244 890 
299 752 694 865 948 
491 801 19 279 822 
918 585 896 409 977 
942 598 447 470 192 
130 761 944 714 546 
750 513 338 746 639 
912 682 104 493 765 
580 808 311 401 971 
404 497 998 353 97 
403 117 862 11 801 
64 403 935 620 878 
958 638 309 209 188 
164 481 177 27 552 
549 281 805 347 957 
322 709 31 616 128 
226 587 433 637 946 
86 202 547 116 90 
336 433 313 746 260 
550 244 59 244 890 
299 752 694 865 948 
491 801 19 279 822 
918 585 896 409 977 
942 598 447 470 192 